0.182535
0.526276
0.679872
0.064916
0.529688
0.168657
0.123623
0.051906
0.679656
0.181404
0.597703
0.44117
0.305376
0.538825
0.019863
0.878131
0.068461
0.024685
0.72489
0.452997
0.542398
0.565229
0.384057
0.305997
0.370068
0.114184
0.431773
0.512269
0.371779
0.420556
0.933386
0.644181
0.547425
0.314608
0.087727
0.632367
0.339249
0.597287
0.869396
0.544933
0.858244
0.518406
0.795138
0.669698
0.65161
0.603081
0.588596
0.364967
0.553437
0.870219
0.389213
0.936824
0.185106
0.592217
0.069477
0.784306
0.160172
0.18358
0.28603
0.152811
0.571026
0.170585
0.586644
0.643379
0.528742
0.782243
0.34463
0.230092
0.616653
0.729457
0.484538
0.231668
0.447889
0.575093
0.619636
0.101449
0.030123
0.617584
0.07114
0.220868
0.417307
0.357291
0.277512
0.355203
0.263047
0.543336
0.543159
0.648128
0.062904
0.849119
0.526888
0.45367
0.643416
0.416038
0.127522
0.749879
0.795299
0.139705
0.574298
0.146672
