0.993764
0.968467
0.985384
0.939701
0.963739
0.996391
0.976292
0.97298
0.983444
0.996878
0.913658
0.988141
0.984873
0.999822
0.995656
0.99416
0.983962
0.965555
0.958268
0.953692
0.999363
0.990421
0.94637
0.993527
0.960679
0.995586
0.97894
0.955082
0.966187
0.976912
0.978881
0.954451
1
0.990979
0.985916
0.989128
0.941501
0.968937
0.983008
0.987259
0.983489
0.984843
0.976867
0.984366
0.994937
0.980757
0.991866
0.999115
0.996968
0.968979
0.995071
0.976034
0.971849
0.984258
0.992862
0.988182
0.995413
0.991041
0.998654
0.9668
0.987028
0.994908
0.942466
0.98126
0.98708
0.987605
0.998839
0.964982
0.979451
0.993283
0.997397
0.982197
0.969559
0.978273
0.985174
0.977338
0.994559
0.996252
0.949363
0.96196
0.9851
0.977913
0.994223
0.971979
0.984848
0.985567
0.95986
0.98558
0.858408
0.959703
0.957838
0.98631
0.995374
0.970693
0.976966
0.961415
0.997246
0.91504
0.952095
0.981973
