0.187971
0.019229
0.209854
0.114757
0.61312
0.393475
0.074435
0.339403
0.272028
0.010162
0.384917
0.312491
0.061898
0.569521
0.289983
0.237439
0.173452
0.676835
0.543393
0.660337
0.296965
0.294754
0.427393
0.409834
0.078535
0.267111
0.366728
0.271736
0.095812
0.060142
0.092994
0.067873
0.445254
0.142177
0.162391
0.063451
0.546974
0.518244
0.101758
0.008458
0.102145
0.164716
0.209457
0.316231
0.441244
0.318642
0.50446
0.3842
0.529906
0.235953
0.196403
0.469491
0.016376
0.075778
0.883376
0.498828
0.18738
0.276573
0.123513
0.227686
0.092365
0.457021
0.812492
0.465705
0.198172
0.233612
0.594529
0.124874
0.010447
0.415806
0.088421
0.046633
0.484165
0.091451
0.024138
0.431414
0.109243
0.104454
0.387739
