0.945434
0.996856
0.965236
0.982191
0.982408
0.988663
0.970456
0.921851
0.955555
0.96097
0.981333
0.990537
0.952631
0.944037
0.985411
0.923619
1
0.996165
0.99852
0.893902
0.946804
0.98118
0.999663
0.981448
0.977086
0.976653
0.989769
0.987763
0.985615
0.970758
0.975953
0.998241
0.972236
0.984367
0.987383
0.992871
0.978391
0.96895
0.97918
0.961063
0.966143
0.963315
0.946675
0.988091
0.982258
0.998499
0.987652
0.980264
0.962912
0.986856
0.992127
0.994022
0.982814
0.990036
0.961362
0.989856
0.987814
0.832273
0.953599
0.990591
0.988355
0.990422
0.99982
0.98316
0.99612
0.962653
0.962797
0.945297
0.985662
0.991866
0.982553
0.975678
0.938319
0.988659
0.947829
0.997239
0.991727
0.963156
0.941333
0.936136
0.962533
0.984687
0.964307
0.914879
0.986042
0.999343
0.96817
0.980189
0.999813
0.996836
0.989336
0.978369
0.974999
0.987474
0.961271
0.975082
0.955044
0.964882
0.992924
0.969838
